delta = 12.524;

a = 4.064e+0
2.348
